10001, 	0.0, 0.0, 0.0, 0.42898701298701297, 0.0, 1.1377142857142857, 0.9520142180094787
10002, 	0.0, 0.0, 0.0, 0.8466380543633762, 0.0, 1.2726752503576537, 1.2420443587270973
10003, 	0.0, 0.0, 0.0, 0.6466666666666666, 0.0, 1.0558518518518518, 0.9829993928354585
10004, 	1964.9594813919998, 1253.94736852, 796.4540820410892, 1.0793103448275863, 1.2418402904791173, 1.064896551724138, 1.0146239554317549
10005, 	1948.406960981, 0.0, 556.8651835721811, 0.9434782608695652, 0.0, 1.0259130434782608, 1.0172820109976433
10006, 	0.0, 0.0, 0.0, 0.37254901960784315, 0.0, 0.0, 0.6600625651720542
10007, 	0.0, 0.0, 0.0, 0.4740740740740741, 0.0, 0.5399153439153439, 0.6514350453172205
10009, 	0.0, 0.0, 0.0, 0.6369426751592356, 0.0, 1.3563057324840764, 1.123642439431913
10010, 	0.0, 0.0, 0.0, 0.69225, 0.0, 0.0, 1.0204204204204204
10011, 	0.0, 0.0, 0.0, 0.34371057513914655, 0.0, 0.0, 0.0
10012, 	0.0, 0.0, 0.0, 0.4424, 0.0, 0.0, 0.0
10013, 	0.0, 0.0, 0.0, 0.5507853403141362, 0.0, 0.6448167539267016, 0.0
10014, 	0.0, 0.0, 0.0, 0.4483720930232558, 0.0, 0.0, 0.0
10016, 	0.0, 0.0, 0.0, 0.7152391546162402, 0.0, 0.0, 0.0
10017, 	0.0, 0.0, 0.0, 0.7459722222222223, 0.0, 0.0, 0.0
10018, 	0.0, 0.0, 0.0, 0.5869333333333333, 0.0, 0.0, 0.0
10019, 	0.0, 0.0, 0.0, 0.3566573816155989, 0.0, 0.0, 0.0
10020, 	0.0, 0.0, 0.0, 0.0, 0.0, 0.0, 0.0
10021, 	0.0, 0.0, 0.0, 0.5944983818770226, 0.0, 0.0, 0.0
10022, 	0.0, 0.0, 0.0, 0.45729230769230766, 0.0, 0.0, 0.0
10023, 	0.0, 0.0, 0.0, 0.8566956521739131, 0.0, 0.0, 0.0
10024, 	0.0, 0.0, 0.0, 0.7110967741935484, 0.0, 0.0, 0.0
10025, 	0.0, 0.0, 0.0, 0.8983783783783784, 0.0, 1.122054054054054, 0.9916736053288926
10026, 	0.0, 0.0, 0.0, 0.6878222222222222, 0.0, 0.0, 0.7720254314259763
10027, 	0.0, 0.0, 0.0, 0.7196581196581197, 0.0, 1.574871794871795, 0.0
10028, 	0.0, 0.0, 0.0, 0.572601880877743, 0.0, 0.0, 0.0
10029, 	1932.156133825, 0.0, 346.76286676358393, 0.7995226730310262, 0.0, 0.8670644391408114, 1.0077007700770078
10030, 	1907.093889768, 0.0, 243.8264851535798, 0.7948717948717948, 0.0, 0.9846153846153847, 0.0
10031, 	1911.6295493960001, 0.0, 196.16771466965724, 0.751503006012024, 0.0, 1.2414829659318638, 1.0320512820512822
10032, 	0.0, 0.0, 0.0, 0.9981996399279855, 0.0, 0.0, 0.0
10033, 	0.0, 0.0, 0.0, 0.9447311827956989, 0.0, 0.0, 0.0
10034, 	0.0, 0.0, 0.0, 0.984375, 0.0, 0.0, 0.0
10035, 	1943.622484773, 0.0, 0.0, 0.0, 0.0, 0.0, 0.0
10036, 	1977.1013999219997, 0.0, 452.3794278003575, 0.6625675975998222, 0.0, 0.8519149566634565, 0.9884467265725289
10037, 	0.0, 0.0, 0.0, 1.5314635023372887, 0.0, 0.0, 0.0
10038, 	0.0, 0.0, 0.0, 0.8227272727272728, 0.0, 0.0, 1.1388384754990926
10039, 	0.0, 0.0, 0.0, 1.2425806451612904, 0.0, 0.0, 0.0
10040, 	0.0, 0.0, 0.0, 0.841388174807198, 0.0, 0.0, 0.0
10044, 	1989.6551724, 1083.5443039200002, 23845.941074688704, 63.6848322147651, 1.3976994309625774, 0.0, 0.0
10065, 	0.0, 0.0, 0.0, 0.4552820512820513, 0.0, 0.0, 0.0
10069, 	0.0, 1260.43478287, 0.0, 0.5288461538461539, 0.7328297102968525, 0.0, 0.0
10075, 	0.0, 0.0, 0.0, 0.6426426426426426, 0.0, 0.0, 1.0460282108389012
10111, 	0.0, 0.0, 0.0, 0.0, 0.0, 0.0, 0.0
10128, 	0.0, 0.0, 0.0, 0.7087572977481235, 0.0, 0.0, 0.0
10280, 	0.0, 1045.00935747, 0.0, 0.8984263233190272, 1.5398564208785408, 1.0374821173104436, 1.0155339805825243
10281, 	0.0, 0.0, 0.0, 0.0, 0.0, 0.0, 0.0
10282, 	0.0, 0.0, 0.0, 0.7050188679245283, 0.0, 0.0, 0.0
10301, 	1946.337969973, 1433.47002265, 244.25357123695986, 1.1185882352941177, 0.951149520911294, 0.9712941176470589, 0.9787234042553191
10302, 	1939.004149574, 1431.60083142, 144.4040230968645, 0.851063829787234, 0.9485987272023101, 0.9744680851063829, 1.0825688073394495
10303, 	1967.401778703, 1396.59303624, 101.65691734397487, 0.7434944237918215, 1.0487427260984385, 1.0394052044609665, 1.00990099009901
10304, 	1960.121682503, 1503.0648193, 149.4805157330081, 0.8138888888888889, 1.0229191131347222, 1.0708333333333333, 1.0408163265306123
10305, 	1965.471319691, 1447.7622522000001, 180.51649822892333, 0.8892230576441102, 0.954289404332331, 0.9285714285714286, 0.9847908745247148
10306, 	1966.8342151690001, 1393.93377667, 187.50944901998812, 0.8801909307875895, 0.974755600392148, 0.9491646778042959, 0.9829351535836177
10307, 	1968.56427838, 1443.0924547299999, 228.59299284365795, 0.7628411595185625, 0.7167758759720121, 0.8175962027462281, 0.9726962457337884
10308, 	1969.68610426, 1411.38703821, 215.66888200168066, 0.9997646505060014, 0.916787061769734, 0.9578724405742528, 1.039855072463768
10309, 	1982.4218394020002, 1403.79497861, 194.81222024697715, 0.7725545109021804, 0.7048460484719145, 0.9129825965193039, 0.9800796812749004
10310, 	1942.1410579380001, 1437.18963648, 180.98582415697072, 0.9252434851276652, 0.9495514576374835, 1.0279020794946039, 1.0637450199203187
10312, 	1976.94905694, 1482.4436938500003, 206.07511284614984, 0.9365517241379311, 0.9269532982234484, 0.9666666666666667, 0.9558823529411765
10314, 	1971.327052122, 1399.53277098, 184.39355337244365, 0.9089772443110777, 0.9379214369158289, 0.9714928732183046, 0.9664179104477612
10451, 	0.0, 0.0, 0.0, 0.0, 0.0, 0.0, 0.0
10452, 	1937.0489296389999, 0.0, 0.0, 0.0, 0.0, 0.0, 0.0
10453, 	1940.992907999, 0.0, 0.0, 0.0, 0.0, 0.0, 0.0
10454, 	1944.277108148, 1571.68894318, 0.0, 0.0, 0.7723728520770287, 0.0, 0.0
10455, 	1941.671582994, 1361.37040708, 0.0, 0.0, 1.4037986498554829, 0.0, 0.0
10456, 	1941.193717271, 1307.2025051300002, 0.0, 0.0, 0.7790777107938109, 0.7340974212034383, 0.9663461538461539
10457, 	1941.931690925, 0.0, 0.0, 0.0, 0.0, 0.0, 0.0
10458, 	1927.3775775170002, 0.0, 0.0, 0.0, 0.0, 0.0, 0.0
10459, 	1959.605753965, 1316.37456199, 0.0, 0.0, 1.1256847889914487, 1.2546728971962617, 0.9562841530054644
10460, 	1945.671191359, 1341.1311057, 0.0, 0.0, 0.9435093205929649, 0.0, 0.0
10461, 	1940.423598283, 1333.0667921, 179.34228397754526, 0.8111888111888111, 0.8048118861396271, 0.0, 0.9691119691119691
10462, 	0.0, 1084.36386382, 0.0, 0.8335714285714285, 1.247018443393, 0.7628571428571429, 0.9440993788819876
10465, 	1951.945905209, 1416.3672906699999, 198.92969316607352, 0.9470731707317073, 0.8636385918719511, 0.9509756097560975, 1.028
10466, 	1945.585048099, 1334.61443721, 214.33141686992508, 1.0719794344473008, 0.8062580790343188, 0.8663239074550129, 0.9744680851063829
10467, 	1939.9480654330002, 1311.26575648, 109.59056264866929, 0.7110367892976589, 0.8727153362525751, 1.0444816053511705, 0.0
10468, 	0.0, 0.0, 0.0, 0.0, 0.0, 0.0, 0.0
10469, 	1952.195584391, 1419.13816165, 190.04243374299807, 0.978891820580475, 0.9061515438503959, 0.9372031662269129, 0.9132231404958677
10470, 	1937.8058645070003, 1367.3479816699999, 0.0, 0.0, 0.7439370477779027, 0.0, 0.0
10471, 	0.0, 0.0, 0.0, 0.7705035971223022, 0.0, 2.7428057553956835, 0.0
10472, 	1939.835268697, 1053.30792271, 0.0, 0.0, 0.4262799122496941, 0.0, 0.0
10473, 	1962.753052379, 1280.3281855100001, 206.64851317305718, 1.248, 0.9257757649072308, 0.9981538461538462, 0.9829787234042553
10474, 	1881.453634094, 0.0, 0.0, 0.0, 0.0, 0.0, 0.0
10475, 	1950.840336149, 1291.45299149, 0.0, 0.0, 1.0714802292032417, 0.0, 0.0
11001, 	1939.7485543299997, 1480.80441214, 263.59086535141455, 0.9928155339805825, 0.9546156598650097, 0.9774757281553398, 0.9789156626506024
11004, 	0.0, 0.0, 0.0, 0.9286463798530955, 0.0, 1.9244491080797481, 1.2418478260869565
11005, 	0.0, 0.0, 0.0, 1.4403693931398416, 0.0, 0.0, 0.0
11101, 	1944.558346644, 1276.00305675, 411.55874874168273, 0.9252023121387283, 1.436794193380925, 0.9176878612716763, 0.8490759753593429
11102, 	1945.585798815, 1246.04490506, 0.0, 0.0, 1.7536081507908625, 0.0, 0.0
11102, 	1945.585798815, 1246.04490506, 0.0, 0.0, 1.7536081507908625, -1.834862385321101E-6, 0.0
11103, 	1937.5045929700002, 1290.98385645, 0.0, 0.0, 2.055547111240777, 1.2998058252427185, 0.7341463414634146
11103, 	1937.5045929700002, 1290.98385645, 0.0, 0.0, 2.055547111240777, 1.2998058252427185, 0.7341463414634146
11104, 	0.0, 1170.5524862099999, 0.0, 0.5333333333333333, 1.2829255248861597, 0.0, 1.4306569343065694
11105, 	1935.485164396, 1297.08718361, 0.0, 0.0, 2.0163809854300907, 1.9621212121212122, 1.0955165692007798
11106, 	1941.8788142640003, 1317.90657426, 182.7611472935875, 0.7886666666666666, 2.1935822758238666, 1.2437777777777779, 0.7957276368491322
11109, 	-1.0, -1.0, 1.0, 1.0, 1618.0, 1.0, 540.7911001236093
11201, 	0.0, 0.0, 0.0, 0.9098360655737705, 0.0, 1.0662295081967212, 0.8808664259927798
11203, 	1935.4464551570002, 1467.1122192799999, 227.33772811312826, 1.0022779043280183, 0.9023241439763097, 0.8735763097949886, 0.9740740740740741
11204, 	1936.8699938360003, 1341.70376972, 334.5604000589767, 0.9848024316109423, 1.0460395651464438, 1.0907294832826748, 0.8752436647173489
11205, 	0.0, 1328.19232785, 0.0, 1.0931947069943289, 1.6495696774999058, 1.389603024574669, 0.9315068493150684
11206, 	1949.416020718, 1429.59892439, 212.88426666728074, 0.51875, 1.118661158335175, 0.0, 0.0
11207, 	1941.0425862499999, 1257.05582735, 140.64606409662693, 0.5064935064935064, 0.687999014968924, 0.5929499072356216, 0.9728813559322034
11208, 	1934.505287603, 1263.71127555, 199.89606773272297, 0.9013986013986014, 0.7806141911905594, 0.7678321678321678, 1.0188679245283019
11209, 	1929.991223865, 1265.05674975, 138.44622540039603, 0.9896296296296296, 1.8085626126055556, 3.0866666666666664, 1.3963730569948187
11210, 	1928.3454319840002, 1407.06555515, 196.0229706412561, 1.4269535673839184, 1.5881940392217817, 2.298225745564364, 1.2709030100334449
11211, 	1936.455968884, 1357.14510061, 461.7714083710031, 0.9412631578947368, 1.5371453981645895, 0.9523157894736842, 0.0
11212, 	1951.624258853, 1252.3609250000002, 0.0, 0.0, 0.9329909469914042, 0.9002865329512894, 1.0153846153846153
11213, 	1918.8442449689999, 1218.85844731, 166.7670530523804, 0.5818181818181818, 0.7889338313497455, 0.0, 1.0814606741573034
11214, 	1944.968712269, 1242.71030001, 160.61955034513343, 0.5905482041587902, 1.0265867695734783, 1.1183364839319472, 1.0160183066361557
11215, 	1921.5311006729999, 1471.1605495099998, 417.8438744596906, 0.9346915017462165, 1.5996087930644236, 1.0861466821885915, 0.9389721627408993
11216, 	1907.052849861, 1196.53923566, 0.0, 0.0, 0.7312184217922223, 0.817, 0.0
11217, 	0.0, 1415.74382933, 0.0, 0.8865454545454545, 1.2896139245351455, 0.8974545454545455, 0.8902195608782435
11218, 	1928.31588374, 1263.67924511, 231.03061264835176, 1.11375, 1.53537028280865, 1.8955, 1.117283950617284
11219, 	1943.7872596140003, 1563.65814678, 232.79296525992152, 0.7682512733446519, 1.3273838257894734, 0.0, 0.0
11220, 	1923.538441714, 946.45799017, 142.96568970826328, 0.7452574525745257, 1.3388917909721951, 1.716531165311653, 1.0325670498084292
11221, 	1923.2720337240003, 1183.9978374, 0.0, 0.0, 0.43203325343425536, 0.7636170212765957, 1.1574344023323615
11222, 	1927.9696245, 1352.19890025, 363.0762596591936, 0.7821229050279329, 1.2962979401279329, 0.9412290502793296, 1.043123543123543
11223, 	1937.468614943, 1389.88064872, 336.1086703431107, 1.3024, 1.24255329995568, 0.0, 1.1364653243847875
11224, 	1962.2084196280002, 1351.33724702, 140.3011001513244, 0.613140311804009, 1.0353229687636525, 0.9935412026726058, 1.1162790697674418
11225, 	1924.849362685, 1237.81583365, 194.9243443531748, 0.30016, 0.5248339134676, 0.71872, 0.8981132075471698
11226, 	1921.162902451, 1174.77457161, 234.54544090203342, 0.8517958412098299, 0.8927398445883176, 1.1829867674858223, 1.109452736318408
11228, 	1933.7612905180004, 1322.19967017, 354.2319330513167, 0.9941944847605225, 0.9115309772579826, 1.0878084179970973, 1.0210526315789474
11229, 	1938.5857344219999, 1427.93133053, 195.65809923443516, 1.5804166666666666, 1.731366738267625, 2.3654166666666665, 1.3539518900343643
11230, 	1931.2120001949997, 1305.63963277, 167.20070089011247, 1.1173010380622836, 1.639955663306263, 2.9474048442906575, 1.3388429752066116
11231, 	1917.9525080709998, 1268.1552588, 451.00178255716173, 0.6475520287468184, 0.9493601278634526, 0.671807156759994, 0.891
11232, 	1925.7670456490002, 1242.0107720300002, 159.52085206467478, 0.768, 1.4469425494149502, 1.43225, 1.298283261802575
11233, 	1919.7276899019996, 1104.72109236, 0.0, 0.0, 0.720382788824918, 0.0, 1.1508379888268156
11234, 	1948.1296771430002, 1353.4012178799999, 238.33115703104122, 0.8305903398926655, 0.9176011835000357, 0.8291592128801432, 0.9182058047493403
11235, 	0.0, 1397.4934724700001, 0.0, 0.6144522144522144, 1.4496144411402099, 1.3682983682983683, 1.0426966292134832
11236, 	1955.662282933, 1274.20836503, 12.272057506782847, 0.0633245382585752, 1.011970231857599, 0.9477572559366755, 0.9767441860465116
11237, 	1929.387210976, 1465.7872343000001, 209.70388820776364, 0.5401869158878505, 1.2094212427201603, 0.0, 0.9789644012944984
11238, 	0.0, 1272.54634138, 0.0, 0.9653146853146853, 1.4113695786214546, 1.1001398601398602, 0.0
11239, 	1990.887728574, 1659.89583331, 0.0, 0.0, 0.0, 0.0, 0.0
11354, 	0.0, 1265.53075479, 0.0, 0.7974545454545454, 1.8361700769498543, 2.0752727272727274, 1.2957393483709274
11355, 	1956.0939260069997, 1237.13180935, 155.92298301472695, 0.8047493403693932, 1.5374382116196568, 1.5142480211081795, 1.0955414012738853
11356, 	1949.272423736, 1320.5247943200002, 246.24572438162645, 0.8602150537634409, 1.003409521132043, 0.9578853046594982, 1.0424528301886793
11357, 	1951.9176181779999, 1352.25177503, 289.10031588666163, 1.0076785714285714, 1.0528245962733571, 1.2771428571428571, 1.2064220183486238
11358, 	1944.542455522, 1403.74729772, 385.12915872487986, 0.9503807106598985, 0.8532930908729441, 0.8611675126903553, 0.9665970772442589
11360, 	0.0, 0.0, 0.0, 0.9885542168674699, 0.0, 1.9325301204819276, 1.3412322274881516
11361, 	1947.7424692050001, 1314.46843886, 306.97076715898777, 0.9415748031496063, 1.030874460712252, 1.03496062992126, 1.034136546184739
11362, 	0.0, 1399.1801179600002, 0.0, 1.5551630434782608, 1.8212154252794568, 2.0880434782608694, 1.0542797494780793
11363, 	1945.046487799, 1432.72915582, 0.0, 0.0, 0.8778888203177325, 1.087515923566879, 1.0769230769230769
11364, 	0.0, 1299.1717453699998, 0.0, 1.1840182648401827, 2.040708129713607, 3.2031963470319633, 1.4883720930232558
11365, 	1953.889809019, 1368.5141854899998, 282.15511307507876, 0.8481538461538461, 0.892692330227323, 1.0187692307692309, 1.153301886792453
11366, 	1945.7114569720002, 1501.2849161499998, 334.06803340283454, 0.8452535760728218, 0.9722235217720415, 0.8979193758127438, 0.9558232931726908
11367, 	1951.9461997, 0.0, 134.9934747384421, 1.31815907953977, 0.0, 2.8279139569784895, 1.543554006968641
11368, 	1945.506809992, 1312.01507122, 118.22112306096002, 0.8846153846153846, 2.063900631265308, 1.5542307692307693, 1.1246943765281174
11369, 	1940.70368119, 1450.78363546, 167.46502990127613, 0.7756563245823389, 1.0906845946775656, 1.2140811455847256, 1.2634920634920634
11370, 	1950.5249936540001, 1207.78022881, 166.62180749151227, 0.8354755784061697, 1.2574575646993573, 1.330848329048843, 1.0716049382716049
11372, 	0.0, 0.0, 0.0, 0.9525210084033613, 0.0, 2.0327731092436974, 1.5
11373, 	1951.5452363839997, 1238.23754784, 122.46705612770776, 0.9018867924528302, 1.6727888382140377, 1.649056603773585, 1.2793296089385475
11374, 	0.0, 0.0, 0.0, 0.9089605734767026, 0.0, 2.106451612903226, 1.1868932038834952
11375, 	0.0, 0.0, 0.0, 0.9908771929824561, 0.0, 2.6491228070175437, 1.4986737400530503
11377, 	1945.869501328, 1311.1498764, 116.55457873470729, 0.9108433734939759, 2.106264861686747, 2.273895582329317, 1.185
11378, 	1939.247743231, 1363.9398278200001, 247.51865854966383, 0.9142857142857143, 0.9898306179036572, 1.0137142857142858, 1.1968503937007875
11379, 	1946.4755913139998, 1332.94457271, 292.6828379159971, 0.952675585284281, 0.898288733782826, 0.9454849498327759, 1.163771712158809
11385, 	1928.142353807, 1175.5487412399998, 228.3545087480986, 0.8684418145956607, 0.8648514407939248, 0.9372781065088758, 1.0536193029490617
11411, 	1940.4534149049998, 1380.12244117, 198.92258017381863, 0.9674185463659147, 1.0411449994791229, 0.9401002506265664, 0.9867109634551495
11412, 	1937.6261839130002, 1441.18493655, 196.01304067485347, 0.9997367728349565, 0.9218424311177942, 0.9502500658067913, 1.0411522633744856
11413, 	1946.442734667, 1391.90889373, 179.8152053314214, 0.948509485094851, 1.0750515845882114, 1.0130081300813008, 1.0350877192982457
11414, 	1958.44946849, 1337.78963183, 99.61962416647167, 0.8594713656387665, 1.62067025882489, 2.3506607929515417, 1.229090909090909
11415, 	0.0, 0.0, 0.0, 1.0693467336683418, 0.0, 2.557286432160804, 1.6563706563706564
11416, 	1930.034602161, 1327.3933103499999, 0.0, 0.0, 0.8025389439587356, 0.8832183908045977, 1.2357414448669202
11417, 	1936.596936941, 1330.57127202, 173.24203792759653, 0.7472160356347439, 0.8653158383738084, 0.8534521158129176, 1.1164383561643836
11418, 	1927.890975908, 1436.98376809, 145.23642856314805, 0.7017543859649122, 1.2533091511160903, 1.0882205513784462, 0.9137931034482759
11419, 	1930.3210158660002, 1392.69361237, 186.49747738382942, 0.8470588235294118, 0.9798009178791294, 0.9007058823529411, 1.0367892976588629
11420, 	1937.6621622599998, 1323.98694289, 201.27347666484954, 0.9535452322738386, 1.0229336771472861, 0.9293398533007335, 1.0221518987341771
11421, 	1926.6516591669997, 1382.3588038799999, 194.6900978260787, 0.9401002506265664, 0.9943282624399998, 0.9669172932330827, 1.0557491289198606
11422, 	1950.5985040320002, 1348.96681281, 184.55873889775836, 0.96, 1.00003406389648, 0.9938666666666667, 1.089928057553957
11423, 	1936.458502777, 1456.51820217, 232.38298127983248, 1.0843373493975903, 1.0318466299710363, 1.0190361445783132, 1.0578231292517006
11426, 	1942.702702505, 1405.5309218700002, 242.54869228956935, 1.058876404494382, 1.1149492481350787, 1.1152808988764045, 1.0679886685552409
11427, 	1941.5594763689999, 2104.67608372, 209.9858412591401, 1.0728947368421053, 2.0382126284446316, 1.2226315789473685, 1.0108695652173914
11428, 	1928.446437, 1370.35151505, 191.8642866615434, 0.8061002178649237, 0.9314807684, 0.8849673202614379, 1.0320512820512822
11429, 	1938.2530340769997, 1437.8313698499999, 190.89354872399042, 0.9046454767726161, 0.938633192542665, 0.9092909535452323, 1.0337078651685394
11430, 	0.0, 0.0, 0.0, 0.0, 0.0, 0.0, 0.0
11432, 	1940.770499724, 1357.7574965899998, 81.15333576144027, 0.38414634146341464, 1.1093872228235364, 1.464390243902439, 1.2
11433, 	1945.3326140230001, 1388.76624563, 115.66145469318687, 0.6267409470752089, 1.0599497250769359, 0.9261838440111421, 1.0364963503649636
11434, 	1945.6730769259998, 1398.02254077, 147.50679515668475, 0.7572559366754618, 1.0254624441531925, 0.8984168865435356, 1.0467625899280575
11435, 	1937.8579376809998, 1364.9403877, 107.23180268243532, 1.03951975987994, 1.6182634911700848, 1.9214607303651825, 1.3248945147679325
11436, 	1940.2133710389999, 1317.88425053, 136.58291606252067, 0.7381615598885793, 1.1453478723269082, 0.8905292479108635, 1.0096153846153846
11691, 	1958.9394199360001, 1304.99658952, 211.8493281500039, 1.2613981762917934, 0.8647089863688755, 1.1291793313069909, 1.3073394495412844
11692, 	1969.5168831209999, 1557.31837593, 0.0, 0.0, 0.9445274173539941, 0.8585798816568048, 1.3804878048780487
11694, 	1942.935780082, 1302.7027026700002, 272.7830767405147, 1.2183908045977012, 1.0840882261299771, 1.4211494252873562, 1.080110497237569
11697, 	0.0, 0.0, 0.0, 0.40089086859688194, 0.0, 0.0, 0.0
