0 645955.5
10001 4314802.127272727
10002 1117262.3947655398
10003 1679405.1687087654
10004 2199454.6178861787
10005 1785598.2385321101
10006 1377993.342995169
10007 2395286.2934782607
10009 1937334.8125
10010 2077752.89093702
10011 2286196.6658318425
10012 2930140.7582697202
10013 3376279.2896935935
10014 2914956.2540263543
10016 1797733.5483465886
10017 1716265.0647482015
10018 3944113.6306620208
10019 688167.8102062216
10020 6.53982526E8
10021 2193965.172062084
10022 1566553.444253121
10023 1860030.4040373606
10024 2284031.8386031147
10025 1669811.2459605027
10026 1196619.5635528332
10027 1068777.4239802225
10028 1992760.0854357798
10029 1804885.847985348
10030 1180305.1944444445
10031 1781876.6434977578
10032 2150851.2821316617
10033 1214812.3253588516
10034 747786.8937007874
10035 824596.4208333333
10036 3677536.30702836
10037 1249554.6595744682
10038 2625922.1750465548
10039 1528443.4683544303
10040 1060922.1529411764
10044 940389.427184466
10065 2556195.9782096585
10069 2644723.79876161
10075 1822330.1636107194
10128 1887680.4486176318
10129 1872780.75
10280 1159348.3773291926
10282 2498981.5
10301 367624.96432818077
10302 307211.53250773996
10303 248314.94373401534
10304 517688.8689956332
10305 381618.2614840989
10306 429310.972826087
10307 540881.0615384616
10308 392959.01226993866
10309 531587.0193965518
10310 347134.6610878661
10312 438916.76559422194
10314 384894.1460916442
10451 642566.6518518518
10452 1496220.1538461538
10453 2252628.1450777203
10454 614773.6842105263
10455 937341.1623616236
10456 1151450.6738461538
10457 758323.3632958801
10458 1117260.8519736843
10459 890041.3910891089
10460 792713.4087837838
10461 398916.72990353697
10462 393297.25810055865
10463 395670.82287188305
10464 377274.2921348315
10465 416011.2746268657
10466 492515.65145228215
10467 682759.7366412213
10468 1021366.5942028986
10469 350723.97294372297
10470 375148.5847953216
10471 466128.67304015293
10472 696824.9117647059
10473 437338.412244898
10474 737192.4166666666
10475 341491.79545454547
10803 897500.3333333334
11001 458833.37606837606
11004 321223.00610997964
11005 412639.37704918033
11040 366728.56944444444
11101 1223541.5268571428
11102 848424.4928774929
11103 782265.9941176471
11104 662818.4598765433
11105 634672.0598086125
11106 617368.275862069
11109 830910.4189944135
11201 1089991.453915454
11203 467186.7900302115
11204 660800.928802589
11205 714161.3282520325
11206 660410.716152019
11207 344096.55355908774
11208 321597.795215311
11209 548985.96484375
11210 597188.4949109415
11211 959940.3360498562
11212 544777.3555555556
11213 627012.9166666666
11214 608096.074204947
11215 988741.6232686981
11216 621144.4836295603
11217 1188470.5275510205
11218 515080.14824335906
11219 654645.4234338747
11220 673611.0710280373
11221 473474.18016431923
11222 847546.6066350711
11223 718651.3627906977
11224 483050.40521327016
11225 828662.3691148775
11226 926949.4557329463
11228 682583.8980392157
11229 455123.96757553425
11230 599427.9213286713
11231 1165898.0797814208
11232 602891.5522041763
11233 440876.5815261044
11234 445226.4652920962
11235 523710.4390103567
11236 365692.90179514256
11237 568156.7786407768
11238 753873.5315694528
11239 372718.8740740741
11243 1151180.2173913044
11249 1669759.409876543
11354 526039.0062402496
11355 471031.7589285714
11356 554452.3275039745
11357 498794.9347826087
11358 597814.0189098999
11360 457891.7098623853
11361 535289.4993160055
11362 439315.1769436997
11363 1382042.0662650603
11364 417440.77627388533
11365 536249.156838143
11366 567677.074074074
11367 312344.8614298323
11368 489234.1216475096
11369 549043.2346786248
11370 458732.1810810811
11372 429791.32554257096
11373 534686.5903515945
11374 462535.61063464836
11375 422070.4369315935
11377 458674.2287145242
11378 469352.9185185185
11379 494824.9486803519
11385 543752.8590492076
11411 300820.9080118694
11412 299276.1352201258
11413 317517.2453051643
11414 306633.38224852073
11415 348968.50420168065
11416 351574.2700534759
11417 365251.12475247524
11418 369768.43140495865
11419 347985.56330275227
11420 339479.1938534279
11421 357478.7285129604
11422 333827.33925399644
11423 404195.11089866154
11426 511643.63066954643
11427 380796.2132796781
11428 327794.4379084967
11429 305337.468
11432 592213.1639118458
11433 291931.09870740306
11434 298233.7322033898
11435 376761.8825
11436 267953.084717608
11691 468683.55064456724
11692 815068.1396103896
11693 267777.80876494024
11694 536299.144859813
11697 3000001.0
failed condition0 79251.0
failed condition1 5.0
failed condition2 17946.0
failed condition4 69946.0
