10001 11.058160237388725
10002 12.58267236119585
10003 11.885303265940902
10004 11.008196721311476
10005 10.845283018867924
10006 12.361904761904762
10007 11.406438631790744
10009 12.234650967199327
10010 11.844026548672566
10011 11.634275618374557
10012 11.355781448538755
10013 12.910290237467018
10014 11.716759431045146
10016 12.114723926380368
10017 12.070422535211268
10018 11.982825917252146
10019 11.207941056078592
10020 9.784810126582279
10021 11.73076923076923
10022 11.445989304812834
10023 11.430079155672823
10024 11.668360864040661
10025 12.442417331813
10026 12.08695652173913
10027 11.787826086956521
10028 11.379571248423707
10029 12.385294117647058
10030 11.576923076923077
10031 12.107361963190185
10032 11.959036144578313
10033 12.32394366197183
10034 13.01142857142857
10035 12.097378277153558
10036 11.532794249775382
10037 13.053571428571429
10038 11.255972696245733
10039 12.148514851485148
10040 11.165919282511211
10044 11.21875
10065 11.916544655929721
10069 14.25
10075 11.435695538057743
10103 9.6
10106 7.875
10107 11.6
10111 13.181818181818182
10112 8.037735849056604
10118 9.4
10119 10.8625
10121 7.966666666666667
10128 12.128161888701518
10153 6.571428571428571
10168 8.5
10171 7.75
10174 6.0
10270 16.6
10280 10.727272727272727
10281 9.487179487179487
10282 7.816326530612245
10301 11.608187134502923
10302 12.418181818181818
10303 12.65925925925926
10304 13.147727272727273
10305 11.485530546623794
10306 10.913486005089059
10307 10.582417582417582
10308 11.624277456647398
10309 11.62396694214876
10310 13.300546448087431
10311 10.75
10312 11.589430894308943
10314 11.718901453957997
10317 11.0
10451 10.631578947368421
10452 11.864795918367347
10453 11.6731843575419
10454 12.131944444444445
10455 11.428954423592494
10456 12.609065155807366
10457 10.40625
10458 11.538793103448276
10459 11.735593220338982
10460 9.73568281938326
10461 11.001795332136446
10462 10.988294314381271
10463 11.16421052631579
10464 11.97037037037037
10465 11.555555555555555
10466 12.538461538461538
10467 11.560655737704918
10468 11.423255813953489
10469 11.538461538461538
10470 11.388571428571428
10471 10.229299363057326
10472 11.098958333333334
10473 11.773722627737227
10474 10.564285714285715
10475 10.470588235294118
11001 13.333333333333334
11004 11.885964912280702
11005 13.8
11010 6.0
11040 12.39655172413793
11101 12.27
11102 11.355555555555556
11103 11.462987886944818
11104 12.401805869074492
11105 11.32181425485961
11106 11.524451939291737
11109 10.666666666666666
11201 11.443418013856814
11203 11.881904761904762
11204 12.133182844243793
11205 12.481549815498155
11206 11.563440860215053
11207 11.66734693877551
11208 12.565909090909091
11209 11.08077709611452
11210 10.626666666666667
11211 11.693910256410257
11212 11.42485549132948
11213 12.679640718562874
11214 12.74126984126984
11215 11.666191155492154
11216 12.708551483420594
11217 11.209070796460177
11218 12.217712177121772
11219 12.542199488491049
11220 13.654742096505824
11221 11.48857142857143
11222 11.51641791044776
11223 11.972434915773354
11224 10.285046728971963
11225 12.356940509915015
11226 12.06929347826087
11228 11.86021505376344
11229 11.746268656716419
11230 12.429667519181585
11231 11.236983842010773
11232 11.987405541561714
11233 11.058823529411764
11234 10.685393258426966
11235 11.93929173693086
11236 10.755905511811024
11237 11.87604690117253
11238 12.057251908396946
11239 13.9375
11242 20.5
11249 11.64952380952381
11354 13.253271747498076
11355 13.747863247863247
11356 10.905555555555555
11357 11.434262948207172
11358 12.018
11360 11.12621359223301
11361 10.710462287104622
11362 12.005555555555556
11363 12.807017543859649
11364 12.223300970873787
11365 11.331550802139038
11366 11.186170212765957
11367 11.514619883040936
11368 12.233459357277884
11369 11.419354838709678
11370 12.053571428571429
11371 11.02127659574468
11372 12.794212218649518
11373 13.035419126328216
11374 11.830555555555556
11375 11.722002635046113
11377 12.278709677419355
11378 11.519108280254777
11379 11.744791666666666
11385 11.817787418655097
11411 13.55
11412 11.153284671532846
11413 11.388429752066116
11414 11.93298969072165
11415 11.864285714285714
11416 12.78125
11417 12.078838174273859
11418 11.556291390728477
11419 12.747826086956522
11420 11.970588235294118
11421 11.131578947368421
11422 12.386206896551725
11423 11.964539007092199
11426 11.252173913043478
11427 10.662337662337663
11428 13.19186046511628
11429 11.587628865979381
11430 10.076642335766424
11432 11.380530973451327
11433 10.804878048780488
11434 11.100890207715134
11435 11.493212669683258
11436 12.53191489361702
11691 13.581920903954803
11692 12.23076923076923
11693 13.688311688311689
11694 12.621428571428572
11697 19.1
