0 346206.0
10001 2323692.5125764413
10002 873854.6890588168
10003 2267822.281849309
10004 1648195.396324335
10005 1355145.4213372595
10006 1314302.7230273753
10007 2390065.7752738656
10009 812722.7631593631
10010 2164897.7186053107
10011 2542086.260392628
10012 3269783.219526604
10013 3040993.5339978165
10014 3342460.8937798883
10016 1439636.0010175144
10017 2337306.298687294
10018 3584563.4385054326
10019 512100.96543039265
10020 6.53982526E8
10021 2356528.8336752933
10022 2067353.825436134
10023 2457432.651948147
10024 2158214.633847601
10025 1450581.6763832795
10026 641532.7492229932
10027 506134.3968601517
10028 2029671.3572891525
10029 1024753.6937734197
10030 352459.0023171357
10031 375385.10230600456
10032 283744.96894735174
10033 261789.59096441278
10034 166166.9119154144
10035 600358.6371205773
10036 3185004.133930583
10037 324741.4291826916
10038 1383398.1174230683
10039 663254.6551265247
10040 209635.95303412437
10044 791674.8765432099
10065 2798094.7676637606
10069 2028143.2025266793
10075 2566607.0632384103
10128 1781966.5060488614
10129 4850001.0
10280 1159348.3773291926
10282 2498981.5
10301 326209.3582204384
10302 227564.07692172233
10303 208335.07757885766
10304 391015.6151074902
10305 311055.589236759
10306 386361.1360062893
10307 426122.85076923075
10308 350222.6716614091
10309 420168.852191092
10310 298792.8320974576
10312 381721.1767345153
10314 328952.8788001439
10451 263318.5665515946
10452 151263.89094558614
10453 172923.3534244718
10454 141099.77601550342
10455 121534.47362766422
10456 126825.90653211149
10457 116867.79262836452
10458 144591.2292549721
10459 133950.7591254572
10460 131336.85164176094
10461 240596.5214643284
10462 131552.9807073713
10463 423587.6560841294
10464 336769.9925093633
10465 330244.32182182185
10466 195289.2607634162
10467 151766.9182235998
10468 139961.1929041731
10469 237914.87094548572
10470 247926.37055052738
10471 820886.7979105823
10472 147408.8999102535
10473 229259.2175664598
10474 109443.08539371524
10475 232610.74136151516
10803 897500.3333333334
11001 408979.43103448284
11004 461885.6788216097
11040 462558.16279069765
11101 1099687.8871469588
11102 327641.45398218837
11103 321678.4774640011
11104 314082.2851875488
11105 359157.8235799134
11106 351473.9888018376
11109 1140989.3298969073
11201 1128477.1770336265
11203 201831.09972589154
11204 387615.84812462266
11205 509843.25807179813
11206 299919.50617971853
11207 159856.7226147615
11208 153141.83430943426
11209 518331.02321060986
11210 472877.1171987099
11211 666947.1608026102
11212 134776.82170870638
11213 263962.28773673525
11214 349636.70648988726
11215 718987.2616118707
11216 250388.25658945725
11217 929500.6089276603
11218 420670.67580667324
11219 353673.08042744355
11220 342486.013475251
11221 184800.9622633209
11222 468435.6944779482
11223 540863.5372540643
11224 319333.0776347546
11225 359105.2045290109
11226 300388.1090824777
11228 436056.6258771716
11229 409914.14612606395
11230 540394.5923101408
11231 797860.3689527039
11232 320452.6087685613
11233 173469.28072794282
11234 370619.00405823684
11235 470995.30673568614
11236 205379.00915260165
11237 201010.60181846202
11238 537756.56112351
11239 289723.0
11243 1151180.2173913044
11249 1096364.8103438918
11354 510053.5456350913
11355 426560.28687213414
11356 395517.07587149687
11357 578698.2034718846
11358 476958.2002714664
11360 546648.7648448044
11361 481870.5829560697
11362 625326.8451134381
11363 733275.7086778501
11364 547350.3283863666
11365 472899.64746518707
11366 505017.3621593291
11367 431335.90319378756
11368 234394.09254983946
11369 273238.42415729456
11370 301208.68462033465
11372 321859.2883599922
11373 329026.87565482775
11374 431358.30588595447
11375 715196.7626393737
11377 313172.03028916207
11378 311318.62968917465
11379 365400.7298531938
11385 262019.0504398524
11411 284382.4213649852
11412 240537.2026554857
11413 251296.48884976527
11414 361986.73527279723
11415 425629.4785318943
11416 194213.29745989316
11417 243402.7885902876
11418 275328.52242302545
11419 238702.04831804283
11420 250859.22305527408
11421 237585.01068285745
11422 252957.763681592
11423 350666.24503894406
11426 386626.9448924731
11427 424398.14077212807
11428 289443.3429276316
11429 256391.24769425282
11432 433989.8859586849
11433 197147.49063490363
11434 224998.12740929707
11435 256900.2230467922
11436 211720.15337763014
11691 226391.49599657065
11692 260964.527033589
11693 232170.8030097679
11694 472143.13567590836
11697 62501.0
failed condition0 79251.0
failed condition1 5.0
failed condition2 17946.0
failed condition3 48283.0
failed condition4 65800.0
